1(6).jpg 2 1832 1684 2042 1886 2 2215 1226 3579 1709 3 
1(9).jpg 1 2050 1348 2705 2354 2 
20180308(100).jpg 1 1313 969 3052 1275 3 
20180308(101).jpg 2 764 1555 941 1821 2 1942 882 3678 1205 3 
20180308(48).jpg 2 757 1671 900 1903 2 1830 1213 3115 1408 3 
20180308(49).jpg 2 1719 1644 1876 1862 2 2775 1143 4031 1362 3 
20180308(50).jpg 1 0 1275 1035 1437 3 
20180308(51).jpg 2 661 1507 839 1719 2 1777 1151 2941 1296 3 
20180308(52).jpg 2 1521 1118 1698 1303 2 2589 658 3939 865 3 
20180308(53).jpg 2 914 1514 1084 1732 2 2000 1114 3185 1280 3 
20180308(54).jpg 2 1152 1896 1268 2101 2 1930 1454 2800 1656 3 
20180308(55).jpg 2 20 1050 907 2080 2 2684 1304 3106 1607 3 
20180308(56).jpg 2 245 1180 1077 2012 2 3048 1259 3666 1598 3 
20180308(57).jpg 1 102 1036 866 1698 2 
20180308(58).jpg 2 1282 845 1923 1466 2 2756 716 3458 1371 2 
20180308(59).jpg 1 1248 2592 1992 3023 2 
20180308(60).jpg 1 0 1112 477 1801 2 
20180308(61).jpg 1 0 709 395 1384 2 
20180308(62).jpg 1 2135 695 2776 1303 2 
20180308(63).jpg 1 3697 955 4031 1446 2 
20180308(64).jpg 1 1780 1036 2203 1487 2 
20180308(65).jpg 1 1746 1330 2183 1773 2 
20180308(66).jpg 1 143 1030 682 1514 2 
20180308(67).jpg 1 0 1200 320 1719 2 
20180308(68).jpg 1 2305 6 2790 498 2 
20180308(69).jpg 1 3656 1214 4031 1712 2 
20180308(70).jpg 1 1521 1200 2408 2005 2 
20180308(71).jpg 1 2797 109 4031 1282 2 
20180308(72).jpg 1 921 1077 2094 2067 2 
20180308(73).jpg 1 1432 150 2633 1187 2 
20180308(74).jpg 1 2851 0 4031 975 2 
20180308(75).jpg 1 968 368 2967 2380 2 
20180308(76).jpg 1 252 750 2346 2763 2 
20180308(77).jpg 1 498 770 2531 2790 2 
20180308(78).jpg 1 109 484 2135 2476 2 
20180308(79).jpg 1 2294 430 4031 2497 2 
20180308(80).jpg 1 1691 525 3765 2517 2 
20180308(81).jpg 1 0 472 2021 2506 2 
20180308(82).jpg 1 136 716 1187 1705 2 
20180308(83).jpg 1 2367 811 3308 1739 2 
20180308(84).jpg 1 1487 1159 2394 2039 2 
20180308(85).jpg 1 1698 1132 2080 1541 2 
20180308(86).jpg 1 3424 1139 3922 1603 2 
20180308(87).jpg 1 3728 998 4031 1462 2 
20180308(88).jpg 1 2315 683 3429 911 3 
20180308(89).jpg 1 1657 266 2067 709 2 
20180308(92).jpg 1 279 1998 859 2647 2 
20180308(94).jpg 1 1323 1398 1732 1903 2 
20180308(95).jpg 1 2862 542 4031 807 3 
20180308(96).jpg 1 1002 347 3144 874 3 
20180308(97).jpg 1 49 327 2232 1031 3 
20180308(98).jpg 1 898 1263 3318 1483 3 
20180308(99).jpg 1 1346 911 3189 1184 3 
20180317_IMG_2799.JPG 1 849 861 1085 1043 2 
20180317_IMG_2800.JPG 1 762 1014 1006 1205 2 
20180317_IMG_2801.JPG 1 666 1188 927 1371 2 
20180317_IMG_2803.JPG 1 745 1474 994 1661 2 
20180317_IMG_2804.JPG 1 1155 990 1404 1122 2 
20180317_IMG_2805.JPG 1 1014 898 1288 1031 2 
20180317_IMG_2806.JPG 1 666 824 936 1014 2 
20180317_IMG_2808.JPG 1 331 903 600 1052 2 
20180317_IMG_2822.JPG 1 1337 1146 1623 1439 2 
20180317_IMG_2824.JPG 1 1589 1221 1951 1630 2 
20180317_IMG_2825.JPG 1 1466 1016 1869 1398 2 
20180317_IMG_2826.JPG 1 1323 1091 1910 1664 2 
20180317_IMG_2827.JPG 1 1541 1364 2128 1937 2 
20180317_IMG_2828.JPG 1 1917 1187 2503 1753 2 
20180317_IMG_2829.JPG 1 927 852 2108 1964 2 
20180317_IMG_2831.JPG 1 948 402 2135 1507 2 
20180317_IMG_2832.JPG 1 1255 1241 2394 2326 2 
20180317_IMG_2833.JPG 1 1671 927 2810 1998 2 
20180317_IMG_2835.JPG 1 1869 1091 2196 1712 2 
20180317_IMG_2836.JPG 1 1644 1050 1971 1691 2 
20180317_IMG_2837.JPG 1 2237 859 2572 1514 2 
20180317_IMG_2839.JPG 2 774 668 956 844 2 451 613 566 777 2 
2018031821072321.jpg 2 648 1241 1255 1739 2 1578 865 1934 2191 3 
2018031821072322.jpg 2 573 1241 1207 1828 2 1607 774 1917 2390 3 
2018031821072323.jpg 2 511 1002 1139 1685 2 1636 414 1839 2344 3 
2018031821072325.jpg 2 429 832 1084 1541 2 1623 70 1793 2199 3 
2018031821072326.jpg 2 416 948 1071 1664 2 1590 236 1789 2319 3 
2018031821072327.jpg 2 402 968 1036 1657 2 1491 327 1810 2299 3 
2018031821072328.jpg 2 320 1125 968 1760 2 1387 526 1772 2332 3 
2018031821072329.jpg 2 443 893 1152 1507 2 1503 256 2038 2067 3 
2018031821072330.jpg 2 341 777 1043 1405 2 1396 161 1926 1980 3 
2018031821072331.jpg 2 723 1309 1480 1862 2 1673 774 2435 2423 3 
2018031821072332.jpg 2 702 1364 1473 1896 2 1669 828 2415 2477 3 
2018031821072333.jpg 2 941 1357 1575 1958 2 1743 613 2460 2580 3 
2018031821072334.jpg 2 948 1350 1582 1978 2 1743 621 2460 2580 3 
2018031821072335.jpg 2 975 1303 1562 1992 2 1922 584 2307 2767 3 
2018031821072336.jpg 2 955 1350 1562 1964 2 1752 604 2468 2584 3 
2018031821072337.jpg 1 2844 1951 3117 2230 2 
2018031821072338.jpg 1 2380 1889 2633 2149 2 
2018031821072339.jpg 2 1985 975 2401 1494 2 1985 1582 2476 2060 2 
2018031821072341.jpg 2 1589 1214 1926 1603 2 1152 1173 1404 1446 2 
2018031821072342.jpg 2 1405 1985 1773 2374 2 128 1830 720 2576 2 
2018031821072343.jpg 1 1036 1296 2838 2026 2 
2018031821072344.jpg 1 1036 1303 2865 2019 2 
2018031821072348.jpg 1 1992 1514 2660 2203 2 
2018031821072349.jpg 1 402 620 2906 2469 2 
2018031821072350.jpg 1 1838 1234 2667 1955 2 
2018031821072351.jpg 2 1480 1214 1821 1459 2 2042 1072 2203 1466 3 
2018031821072352.jpg 2 1473 1221 1835 1432 2 2046 1072 2220 1474 3 
2018031821072354.jpg 2 1159 845 1807 1473 2 2191 128 2725 2071 3 
2018031821072355.jpg 2 1084 961 1801 1787 2 2365 0 2742 2734 3 
20180319132453.jpg 2 1173 1323 1664 1739 2 1797 12 2125 484 3 
20180319132506.jpg 2 525 1241 764 1500 2 1789 840 3309 1176 3 
20180319133108.jpg 1 130 5 2228 1353 3 
20180319133114.jpg 1 12 12 1268 1654 2 
20180319133136.jpg 1 447 192 2201 2108 2 
20180319133141.jpg 1 379 1598 2127 3302 2 
20180319133147.jpg 1 1299 0 2975 1940 2 
20180319133156.jpg 1 267 1778 2052 3967 2 
20180319133201.jpg 1 254 957 1710 2693 2 
20180319133205.jpg 1 12 3097 1094 3967 2 
20180319133212.jpg 1 1666 6 2975 1312 2 
20180319133215.jpg 1 0 0 1001 1766 2 
20180319133219.jpg 1 149 485 1710 2251 2 
20180319133222.jpg 1 528 1952 2450 3961 2 
20180319133229.jpg 1 447 995 2369 2916 2 
20180319133305.jpg 1 1755 445 2975 1897 2 
20180319133308.jpg 1 5 1701 853 2831 2 
20180319133315.jpg 1 1201 1299 1978 1755 2 
20180319133318.jpg 1 141 2772 842 3592 2 
20180319133322.jpg 1 2011 3049 2821 3609 2 
20180319133325.jpg 1 2321 125 2975 1021 2 
20180319133336.jpg 1 2326 125 2975 1021 2 
20180319133340.jpg 1 782 1945 1598 2576 2 
20180319133348.jpg 1 108 233 842 1027 2 
20180319133352.jpg 1 472 1962 1005 2516 2 
20180319133359.jpg 1 1233 2114 1772 2592 2 
20180319133402.jpg 1 902 2109 1500 2603 2 
20180319133407.jpg 2 114 595 248 743 2 879 556 1079 631 3 
201803191334071.jpg 1 556 668 905 763 3 
201803191334073.jpg 1 284 459 410 601 2 
201803191334074.jpg 1 178 495 511 673 3 
201803191334075.jpg 1 272 952 617 1082 3 
201803191334076.jpg 1 258 820 390 966 2 
20180319133409.jpg 1 494 809 831 1092 2 
20180319133412.jpg 1 1962 3277 2315 3554 2 
20180319133415.jpg 2 994 1261 1500 1712 2 1853 1429 2975 1674 3 
20180319133418.jpg 1 2413 1630 2929 2109 2 
20180319133429.jpg 1 2603 0 2975 342 2 
20180319133435.jpg 2 614 1886 799 2119 2 956 1891 2174 2098 3 
20180319133443.jpg 2 5 1462 244 1902 2 538 1320 2975 1831 3 
20180319133448.jpg 1 2783 1543 2975 1951 2 
20180319133452.jpg 2 380 1728 853 2201 2 1157 2130 2592 2538 3 
20180319133455.jpg 2 119 342 657 913 2 978 869 2456 1391 3 
20180319133458.jpg 2 65 2668 559 3158 2 875 3043 2380 3370 3 
20180319133500.jpg 2 570 1663 2016 2070 3 0 1217 250 1695 2 
20180319133503.jpg 2 396 3081 907 3587 2 1293 3293 2975 3571 3 
20180319133506.jpg 1 2060 288 2598 815 2 
20180319133509.jpg 1 2587 0 2975 337 2 
20180319133513.jpg 1 2527 3386 2975 3902 2 
20180319133520.jpg 2 1021 1261 1478 1712 2 1864 1435 2975 1685 3 
20180319133523.jpg 1 1962 3266 2315 3554 2 
20180319133526.jpg 1 483 809 831 1092 2 
20180319133532.jpg 1 1630 2712 1962 2995 2 
20180319133536.jpg 1 255 2946 864 3495 2 
20180319133539.jpg 1 2478 3462 2973 3967 2 
20180319133542.jpg 1 5 10 505 603 2 
20180319133546.jpg 1 2489 0 2975 413 2 
20180319133557.jpg 1 1233 2119 1766 2598 2 
20180319133955.jpg 1 2011 3054 2837 3603 2 
20180319134043.jpg 1 1619 2723 1956 2989 2 
20180319134554.jpg 1 482 338 624 495 2 
20180319134557.jpg 1 446 94 676 329 2 
20180319134600.jpg 1 553 181 753 406 2 
20180319134609.jpg 1 158 427 692 528 3 
20180319134615.jpg 1 721 537 877 713 2 
20180319134618.jpg 2 523 411 599 511 2 680 460 849 510 3 
20180319134622.jpg 1 241 325 355 511 2 
20180319134629.jpg 1 329 217 613 510 2 
20180319134631.jpg 1 303 281 565 525 2 
20180319134635.jpg 1 16 322 1026 397 3 
20180319134638.jpg 2 108 291 284 505 2 579 230 1079 365 3 
20180319134641.jpg 2 116 297 279 510 2 578 230 1079 368 3 
20180319134808.jpg 1 1855 1512 2021 1661 2 
20180319134814.jpg 1 1466 1213 2079 1855 2 
20180319134817.jpg 1 1275 153 3525 2700 2 
20180319134820.jpg 1 836 459 3065 3023 2 
20180320153056.jpg 1 1559 356 2345 1342 2 
20180320153105.jpg 1 1559 728 2042 1232 2 
20180320153108.jpg 1 679 851 1923 2038 2 
20180320153113.jpg 1 1473 1141 2717 1277 3 
20180320172531.jpg 2 1473 1043 2226 1751 2 2558 2869 2717 2987 0 
Baidu_1030.jpeg 3 363 418 416 472 2 432 268 452 315 2 74 339 195 372 3 
Baidu_1031.jpeg 1 24 32 499 85 3 
Baidu_1034.jpeg 1 144 331 857 389 3 
Baidu_1041.jpeg 1 772 527 987 708 2 
Baidu_1043.jpeg 1 1 41 599 89 3 
Baidu_1075.jpeg 2 173 139 235 200 2 127 229 277 269 3 
Baidu_1076.jpeg 2 109 102 172 137 2 209 104 273 137 2 
Baidu_1082.jpeg 1 459 362 609 515 2 
Baidu_1084.jpeg 1 13 166 246 214 3 
Baidu_1085.jpeg 1 11 22 171 80 3 
Baidu_1114.jpeg 1 169 178 304 325 2 
Baidu_1118.jpeg 1 182 147 408 164 3 
Baidu_1132.jpeg 2 304 10 409 88 3 57 139 145 175 3 
Baidu_1134.jpeg 3 187 21 239 81 2 167 67 249 121 3 286 153 310 182 2 
Baidu_1145.jpeg 1 50 82 377 112 3 
Baidu_1158.jpeg 1 163 34 236 108 2 
Baidu_1161.jpeg 3 506 140 564 190 2 0 138 36 184 2 300 196 324 232 2 
Baidu_1188.jpeg 1 0 2 296 292 2 
Baidu_1196.jpeg 2 0 1 169 199 2 206 47 278 75 3 
Baidu_1205.jpeg 2 86 75 218 192 3 147 1 201 100 2 
Baidu_1206.jpeg 3 77 503 115 548 2 531 354 564 380 2 572 352 599 378 2 
Baidu_1210.jpeg 1 64 209 247 232 3 
Baidu_1221.jpeg 3 3 165 94 268 2 132 129 189 206 3 204 62 253 118 2 
Baidu_1227.jpeg 1 528 306 674 470 2 
Baidu_1233.jpeg 2 56 167 75 407 3 527 185 566 242 2 
Baidu_1246.jpeg 1 225 79 260 123 2 
Baidu_1247.jpeg 2 570 273 591 396 3 424 163 449 187 2 
Baidu_1248.jpeg 1 429 187 485 244 2 
Baidu_1256.jpeg 2 489 103 518 156 2 107 64 406 116 3 
Baidu_1273.jpeg 1 159 45 437 327 2 
Baidu_1275.jpeg 2 90 151 364 421 2 585 161 863 425 2 
Baidu_1276.jpeg 1 99 175 305 214 3 
Baidu_1279.jpeg 2 310 408 412 552 2 73 0 439 458 3 
Baidu_1281.jpeg 1 18 3 258 239 2 
Baidu_1307.jpeg 1 113 50 346 292 2 
Baidu_518.jpeg 1 263 192 399 208 3 
Baidu_519.jpeg 2 78 0 392 139 3 244 88 343 183 2 
Baidu_521.jpeg 1 234 0 410 151 2 
Baidu_540.jpeg 4 365 55 460 164 2 63 67 118 121 2 119 73 168 125 2 170 79 213 126 2 
Baidu_554.jpeg 1 33 36 348 169 3 
Baidu_558.jpeg 2 381 157 423 204 2 37 148 203 180 3 
Baidu_574.jpeg 1 202 138 419 387 2 
Baidu_582.png 1 143 95 252 207 2 
Baidu_595.jpeg 1 114 0 690 80 3 
Baidu_605.jpeg 2 210 298 290 379 2 504 306 588 389 2 
Baidu_607.jpeg 1 20 200 68 248 2 
Baidu_608.jpeg 2 451 184 548 287 2 335 185 408 260 2 
Baidu_612.jpeg 1 214 111 336 235 2 
Baidu_615.jpeg 2 272 188 339 256 2 215 283 329 338 3 
Baidu_616.jpeg 1 707 46 1064 130 3 
Baidu_617.jpeg 1 96 177 194 195 3 
Baidu_621.jpeg 2 150 25 181 64 2 38 62 113 94 3 
Baidu_628.png 2 339 29 361 51 2 250 48 266 67 2 
Baidu_630.jpeg 1 124 174 189 258 2 
Baidu_634.png 3 161 265 276 291 3 131 140 169 175 2 408 291 475 301 3 
Baidu_636.jpeg 1 37 117 88 209 2 
Baidu_648.jpeg 1 186 297 284 375 2 
Baidu_653.jpeg 1 366 925 890 969 3 
Baidu_655.jpeg 1 90 131 173 217 2 
Baidu_659.jpeg 1 286 188 409 325 2 
Baidu_661.jpeg 3 387 123 549 312 2 208 123 339 268 2 72 122 176 238 2 
Baidu_682.jpeg 1 122 244 228 355 2 
Baidu_683.jpeg 1 162 200 267 321 2 
Baidu_686.jpeg 1 7 58 372 83 3 
Baidu_693.jpeg 3 316 172 472 216 3 477 163 534 224 2 0 159 68 226 2 
Baidu_699.jpeg 1 66 49 537 82 3 
Baidu_708.jpeg 2 539 572 636 720 2 0 225 384 389 3 
Baidu_714.jpeg 1 270 330 473 387 3 
Baidu_738.jpeg 2 756 138 869 244 2 653 441 1010 500 3 
Baidu_742.jpeg 1 276 96 460 243 2 
Baidu_747.jpeg 1 712 23 772 130 2 
Baidu_751.png 2 34 5 187 67 3 45 99 99 163 2 
Baidu_753.png 1 411 102 438 135 2 
Baidu_755.jpeg 1 297 103 375 236 2 
Baidu_762.jpeg 3 380 332 690 366 3 44 320 75 368 2 129 322 164 373 2 
Baidu_775.jpeg 3 129 45 189 112 2 221 63 352 132 3 0 52 57 136 3 
Baidu_776.jpeg 2 566 105 700 324 2 140 226 936 510 3 
Baidu_783.jpeg 1 240 0 519 259 2 
Baidu_785.png 2 53 107 111 178 2 40 9 207 77 3 
Baidu_795.jpeg 1 427 95 972 413 3 
Baidu_798.jpeg 2 98 48 118 72 2 52 68 160 88 3 
Baidu_807.jpeg 1 33 30 122 116 2 
Baidu_815.jpeg 1 357 7 424 61 2 
Baidu_826.jpeg 1 184 500 320 636 2 
Baidu_844.jpeg 1 239 198 297 251 2 
Baidu_851.jpeg 4 220 457 389 578 2 506 445 647 556 2 821 411 971 552 2 766 408 785 528 3 
Baidu_871.jpeg 1 90 90 208 232 2 
Baidu_882.jpeg 1 497 339 880 730 2 
Baidu_884.jpeg 1 6 118 439 230 3 
Baidu_891.jpeg 3 538 292 583 343 2 356 38 450 154 2 317 124 471 229 3 
Baidu_892.jpeg 1 480 169 535 243 2 
Baidu_893.jpeg 2 240 45 300 110 2 343 11 548 82 3 
Baidu_894.jpeg 3 362 318 415 371 2 433 167 452 213 2 73 240 196 272 3 
Baidu_897.jpeg 1 274 79 390 210 2 
Baidu_899.jpeg 1 206 65 293 153 2 
Baidu_902.jpeg 1 187 277 237 331 2 
Baidu_911.jpeg 1 304 114 345 159 2 
Baidu_959.jpeg 4 116 163 207 230 2 268 156 344 217 2 408 137 420 205 3 436 141 516 214 2 
Baidu_960.jpeg 3 427 188 483 240 2 327 270 369 319 2 406 323 466 365 2 
Baidu_993.jpeg 1 40 148 247 227 3 
IMG_20180303_120036.jpg 2 1358 1254 1552 1623 2 1623 908 3276 1467 3 
IMG_20180303_120043.jpg 2 1595 1273 1813 1609 2 1851 913 3593 1486 3 
IMG_20180303_120056.jpg 2 667 984 1093 1462 2 1268 1032 4364 1301 3 
IMG_20180303_120117.jpg 1 1514 1647 2190 2316 2 
IMG_20180303_120123.jpg 1 1218 1211 2146 2095 2 
IMG_20180303_120129.jpg 2 416 587 1458 1500 2 1865 871 4607 1207 3 
IMG_20180303_120148.jpg 1 1638 605 1983 1093 2 
IMG_20180303_120157.jpg 1 1751 662 2225 1136 2 
IMG_20180303_120201.jpg 1 1407 1565 1881 2038 2 
IMG_20180303_120209.jpg 1 1865 908 2253 1335 2 
IMG_20180303_120214.jpg 1 1699 658 2168 1207 2 
IMG_20180303_120220.jpg 1 1653 555 2423 1395 2 
IMG_20180303_120225.jpg 1 2845 302 3598 1069 2 
IMG_20180303_120236.jpg 1 1369 839 1811 1799 2 
IMG_20180303_120255.jpg 1 1925 422 3055 1761 2 
IMG_20180303_120300.jpg 1 1117 473 2834 1786 2 
IMG_20180303_120309.jpg 1 1395 397 2606 1773 2 
IMG_20180303_120313.jpg 2 956 0 1879 1093 2 2064 819 3555 2012 3 
IMG_20180303_120801.jpg 2 1533 1748 1761 2026 2 1824 1843 2676 2076 3 
IMG_20180303_120808.jpg 2 927 1268 1249 1622 2 1344 1420 2638 1729 3 
IMG_20180303_120815.jpg 2 1770 762 2111 1107 2 2248 871 4052 1051 3 
IMG_20180303_120818.jpg 2 1161 1331 1502 1698 2 1641 1287 3455 1578 3 
IMG_20180303_120831.jpg 2 1122 1079 1377 1363 2 1434 965 2944 1254 3 
IMG_20180303_120837.jpg 2 1098 1975 1294 2272 2 1363 1887 2771 2177 3 
IMG_20180303_120852.jpg 2 667 1770 800 2021 2 842 1604 1718 1931 3 
IMG_20180303_125406.jpg 1 460 1540 789 2083 2 
IMG_20180303_125410.jpg 1 558 1297 880 1836 2 
IMG_20180303_125416.jpg 1 441 1521 902 2297 2 
IMG_20180303_125421.jpg 1 582 1240 1098 2030 2 
IMG_20180303_125423.jpg 1 402 2040 932 2873 2 
IMG_20180303_125434.jpg 1 1136 921 2512 2493 2 
IMG_20180303_125438.jpg 2 572 392 1912 1888 2 4308 1136 4459 2068 3 
IMG_20180303_125446.jpg 2 923 454 1510 2665 2 1945 1623 2083 2457 3 
IMG_20180303_125450.jpg 2 1079 558 1519 2864 2 1732 1803 1846 2641 3 
IMG_20180303_125453.jpg 2 725 763 1413 3105 2 1748 2051 1887 2865 3 
IMG_20180303_125458.jpg 1 871 1117 2038 3004 2 
IMG_20180303_125502.jpg 1 946 1092 2487 2884 2 
IMG_20180303_125515.jpg 1 751 662 2335 2954 2 
IMG_20180303_125517.jpg 1 713 587 2001 3238 2 
IMG_20180303_125520.jpg 1 1325 454 2266 3301 2 
IMG_20180303_125522.jpg 1 1224 498 1969 3377 2 
IMG_20180303_125527.jpg 1 1060 871 2674 2641 2 
IMG_20180303_125530.jpg 1 2116 1481 3867 3347 2 
IMG_20180303_125532.jpg 1 601 1505 2419 3455 2 
IMG_20180303_125539.jpg 1 1041 392 3247 2580 2 
IMG_20180303_125544.jpg 1 2139 170 3527 2012 2 
IMG_20180303_125548.jpg 2 31 738 1211 2518 2 2663 1716 2790 2638 3 
IMG_20180303_125550.jpg 2 591 587 1713 2272 2 3115 1467 3266 2305 3 
IMG_20180303_125555.jpg 2 222 217 1945 2769 2 3342 1571 3531 2499 3 
IMG_20180303_125600.jpg 2 12 946 1590 3440 2 3042 2215 3212 3149 3 
IMG_20180303_125604.jpg 1 1808 321 3200 2712 2 
IMG_20180303_125611.jpg 2 572 99 1604 3205 2 2168 1879 2272 2797 3 
IMG_20180303_125614.jpg 2 2873 66 3384 3205 2 3527 1746 3702 2693 3 
IMG_20180303_125615.jpg 2 2925 80 3384 3138 2 3536 1751 3697 2674 3 
IMG_20180303_125619.jpg 2 1884 132 2774 3086 2 3257 1874 3403 2797 3 
IMG_20180303_152533.jpg 1 1590 284 2253 1148 2 
IMG_20180303_152541.jpg 1 1615 700 1963 1432 2 
IMG_20180303_152545.jpg 1 2499 37 2831 743 2 
IMG_20180303_152552.jpg 2 2655 1297 3919 1590 3 468 56 1003 719 2 
IMG_20180303_152559.jpg 2 861 208 1429 871 2 3044 1496 4298 1813 3 
IMG_20180303_152602.jpg 1 1666 279 2168 951 2 
IMG_20180303_152604.jpg 1 2868 369 3375 1051 2 
IMG_20180303_152611_HDR.jpg 1 2954 738 3474 1434 2 
IMG_20180303_152613.jpg 1 1413 587 1925 1294 2 
IMG_20180303_152615.jpg 1 504 517 1041 1262 2 
IMG_20180303_152617.jpg 1 2259 511 2802 1300 2 
IMG_20180303_152620.jpg 1 2701 656 3250 1451 2 
IMG_20180303_152623.jpg 2 214 612 770 1363 2 2474 1874 3455 2108 3 
IMG_20180303_152627.jpg 2 2561 1439 3730 1718 3 198 127 828 842 2 
IMG_20180303_152632.jpg 2 449 946 1065 1604 2 2726 2135 3938 2409 3 
IMG_20180303_152644.jpg 1 1167 378 2038 1136 2 
IMG_20180303_152649.jpg 2 1319 896 2139 1622 2 145 2449 757 2992 3 
IMG_20180303_152652.jpg 3 1576 231 2423 923 2 3654 1898 4246 2272 3 75 1633 814 2111 3 
IMG_20180303_152659.jpg 2 1944 725 2827 1470 2 719 2234 1312 2670 3 
IMG_20180303_152705.jpg 3 1993 482 2807 1131 2 4009 2225 4587 2641 3 340 1780 1164 2234 3 
IMG_20180303_152714.jpg 1 1136 271 1887 1028 2 
IMG_20180303_152718.jpg 1 605 284 1357 1098 2 
IMG_20180303_152721.jpg 1 1047 574 1767 1319 2 
IMG_20180303_152726.jpg 2 706 2013 1647 2531 3 2316 492 3187 1211 2 
IMG_20180303_152747.jpg 1 1597 201 2449 1136 2 
IMG_20180303_152754.jpg 1 997 12 1660 1224 2 
IMG_20180303_152758.jpg 1 2285 6 3042 978 2 
IMG_20180303_152816.jpg 1 568 88 1073 1294 2 
IMG_20180303_202210.jpg 2 1720 1251 1960 1504 2 0 1300 856 1430 3 
IMG_20180303_202226.jpg 1 1773 1178 2225 1667 2 
IMG_20180303_202235.jpg 2 0 746 1912 990 3 3436 652 3921 1149 2 
IMG_20180303_203249.jpg 3 1789 1439 2148 1536 1 2352 1540 2519 1699 0 1288 1488 1398 1577 0 
IMG_20180303_203340.jpg 5 693 725 823 900 0 1055 888 1239 1068 0 2217 1051 2600 1231 1 2870 1002 2992 1145 0 2768 1357 2886 1528 0 
IMG_20180303_204229.jpg 3 1573 917 1985 1365 2 3102 1194 3758 1426 3 3546 1500 3762 1704 2 
IMG_20180303_204244.jpg 1 1410 917 1993 1463 2 
IMG_20180306_193430.jpg 2 3228 1141 3664 1585 2 644 937 1789 1227 3 
IMG_20180306_193433.jpg 2 3261 1145 3701 1577 2 680 921 1826 1227 3 
IMG_20180308_002039.jpg 1 1184 1320 1837 2119 2 
IMG_20180308_002054.jpg 2 252 790 933 1789 2 2140 432 3967 1043 3 
IMG_20180308_002058.jpg 1 1100 436 3408 693 3 
IMG_20180308_203418.jpg 2 599 1267 758 1573 2 917 847 3636 1316 3 
IMG_20180318_101522.jpg 1 921 1647 1211 1988 2 
IMG_20180318_101528.jpg 1 1860 1647 2125 1969 2 
IMG_20180318_101534.jpg 1 1746 1514 2049 1922 2 
IMG_20180318_101536.jpg 1 1505 1448 1803 1855 2 
IMG_20180318_101544.jpg 1 1230 2285 1742 2827 2 
IMG_20180318_101549.jpg 1 542 2133 1230 2777 2 
IMG_20180318_101555.jpg 1 1092 1716 1641 2468 2 
IMG_20180318_101559.jpg 1 2360 1193 2474 2152 3 
IMG_20180318_101603.jpg 1 3067 624 3171 1533 3 
IMG_20180318_101607.jpg 1 3697 795 3820 1675 3 
IMG_20180318_101618.jpg 1 2670 568 2865 2013 3 
IMG_20180318_101624.jpg 1 3498 326 3659 1514 3 
IMG_20180318_101629.jpg 2 2902 1074 3110 1524 2 1420 653 1585 1391 3 
IMG_20180318_101633.jpg 2 1434 572 1552 1481 3 3096 1282 3328 1794 2 
IMG_20180318_101637.jpg 2 577 473 719 1585 3 3077 1353 3418 1950 2 
IMG_20180318_101641.jpg 2 516 511 686 1728 3 3309 1429 3692 2092 2 
IMG_20180318_101652.jpg 1 4151 47 4374 1415 3 
IMG_20180318_101658.jpg 2 612 12 871 1811 3 2543 1742 2726 2417 2 
IMG_20180318_101703.jpg 2 719 6 1003 1881 3 2322 1868 2499 2493 2 
IMG_20180318_101714.jpg 1 1496 201 1786 2499 3 
IMG_20180318_101716_BURST2.jpg 1 1729 574 2038 2796 3 
IMG_20180318_101726.jpg 1 763 757 2512 2518 2 
IMG_20180318_101731.jpg 1 1600 94 3167 1671 2 
IMG_20180318_101735.jpg 1 942 374 3318 2674 2 
IMG_20180318_101742.jpg 1 637 492 2322 3699 2 
IMG_20180318_101746.jpg 1 385 896 2954 3673 2 
IMG_20180318_101750.jpg 1 650 890 2834 3351 2 
IMG_20180318_101754.jpg 1 1211 1047 2360 3332 2 
IMG_20180318_101803.jpg 1 1567 440 2968 1912 2 
IMG_20180318_101808.jpg 1 695 274 2319 2348 2 
IMG_20180318_101816.jpg 1 2296 449 3138 1709 2 
IMG_20180318_101820.jpg 1 2262 449 2949 1813 2 
IMG_20180318_101826.jpg 2 2646 875 3290 1590 2 1027 927 1074 1448 3 
IMG_20180318_101836.jpg 1 2386 1046 2698 1363 2 
IMG_20180318_101841.jpg 1 2499 1249 2793 1538 2 
IMG_20180318_101849.jpg 1 1789 1098 2007 1311 2 
IMG_20180318_101854.jpg 1 2395 2078 2622 2300 2 
IMG_20180318_101901.jpg 1 3389 2262 3635 2499 2 
IMG_20180318_101916.jpg 1 2636 1694 2816 1907 2 
IMG_20180318_111936.jpg 2 2575 1813 2698 1969 2 2726 1860 3242 1917 3 
IMG_20180318_111952.jpg 2 1704 2783 1849 2954 2 1893 2815 2562 2891 3 
IMG_20180318_112004.jpg 2 2030 1548 2196 1770 2 2253 1585 3006 1709 3 
IMG_20180318_112014.jpg 2 1685 2745 1855 2979 2 1906 2777 2701 2891 3 
IMG_20180318_112028.jpg 2 1879 1846 2125 2106 2 2201 1851 3247 2007 3 
IMG_20180318_112035.jpg 2 1893 1888 2210 2253 2 2343 1884 3848 2083 3 
IMG_20180318_112044.jpg 2 1060 1638 1519 2068 2 1671 1775 3304 1912 3 
IMG_20180318_112107.jpg 2 894 738 1590 1415 2 1817 1098 3536 1562 3 
IMG_20180318_112113.jpg 2 1207 875 1884 1557 2 2083 1254 3598 1761 3 
IMG_20180318_112127.jpg 2 1822 648 2258 1363 2 2338 1060 3157 1491 3 
IMG_20180318_112131.jpg 2 1600 516 1974 1264 2 2040 979 2689 1472 3 
IMG_20180318_112135.jpg 2 1022 1016 1420 1780 2 1496 1540 2190 2171 3 
IMG_20180318_112139.jpg 2 1453 369 1851 1107 2 1922 866 2613 1481 3 
IMG_20180318_112142.jpg 2 2760 454 3143 1159 2 3209 899 3986 1467 3 
IMG_20180318_112146.jpg 2 1893 1388 2266 2083 2 2335 1849 3086 2430 3 
IMG_20180318_112158.jpg 2 448 896 1230 1786 2 1426 1420 2865 1975 3 
IMG_20180318_112201.jpg 2 908 33 1652 913 2 1865 530 3290 1069 3 
IMG_20180318_112208.jpg 2 1256 1477 1944 2272 2 2120 1925 3455 2455 3 
IMG_20180318_112212.jpg 2 246 435 1047 1338 2 1268 1022 2752 1723 3 
IMG_20180318_112215.jpg 2 1445 555 2171 1395 2 2367 1028 3455 1521 3 
IMG_20180318_112217.jpg 2 0 549 441 1432 2 669 1129 2177 1862 3 
IMG_20180318_112222.jpg 2 0 776 473 1666 2 700 1388 2133 2146 3 
IMG_20180318_112225.jpg 2 0 198 558 1103 2 809 819 2319 1519 3 
IMG_20180318_112233.jpg 2 0 1590 429 2417 2 650 2177 2064 2954 3 
IMG_20180318_112245.jpg 2 615 653 1150 1178 2 1358 833 3451 1003 3 
IMG_20180318_112248.jpg 2 2603 1055 3063 1533 2 3247 1136 4607 1335 3 
IMG_20180318_112252.jpg 2 2731 1036 3186 1514 2 3384 1084 4607 1311 3 
IMG_20180318_112257.jpg 2 0 1013 284 1576 2 534 1216 2684 1415 3 
IMG_20180318_112303.jpg 2 0 2120 385 2632 2 593 2285 2651 2487 3 
IMG_20180318_112308.jpg 2 1009 2165 1477 2651 2 1653 2297 3455 2480 3 
IMG_20180318_112313.jpg 2 1439 639 1922 1140 2 2097 724 4265 956 3 
IMG_20180318_112316.jpg 2 1055 710 1557 1211 2 1756 875 3839 1036 3 
IMG_20180318_112319.jpg 2 1079 1230 1540 1754 2 1729 1306 3455 1552 3 
IMG_20180318_112321.jpg 1 296 1458 2436 1723 3 
IMG_20180318_112323.jpg 2 0 1306 410 1830 2 612 1477 2720 1691 3 
IMG_20180318_112326.jpg 2 861 676 1396 1193 2 1581 852 3683 1041 3 
IMG_20180318_112421.jpg 1 852 1540 1136 1881 2 
IMG_20180318_112434.jpg 5 1959 1278 2229 1552 2 2021 2731 2300 3001 2 3053 2684 3295 2954 2 3711 1638 3839 1879 2 3986 1084 4137 1259 2 
IMG_20180318_112445.jpg 3 479 3560 858 3926 2 2001 2127 2266 2449 2 2840 1376 3105 1628 2 
IMG_20180318_112523.jpg 1 694 3200 934 3465 2 
IMG_20180318_112527.jpg 1 877 385 2228 2007 2 
IMG_20180318_112530.jpg 1 1486 260 3001 1680 2 
IMG_20180318_112533.jpg 1 0 435 1311 1789 2 
IMG_20180318_112537.jpg 1 0 1107 1287 2447 2 
IMG_20180318_112540.jpg 1 3536 383 4607 2291 2 
IMG_20180318_112554.jpg 1 0 345 4607 2315 3 
IMG_20180318_112607.jpg 2 1297 691 3796 2679 3 946 2376 1259 3081 2 
IMG_20180318_112609.jpg 2 2338 2476 2584 3134 2 2641 1036 4607 2745 3 
IMG_20180318_112613.jpg 2 0 2102 383 2821 2 426 530 3148 2395 3 
IMG_20180318_112615.jpg 2 0 2073 246 2764 2 284 421 2954 2381 3 
IMG_20180318_112631.jpg 2 506 837 899 1377 2 1117 482 3645 1131 3 
IMG_20180318_112643.jpg 2 544 497 1240 1150 2 1604 748 4336 984 3 
IMG_20180318_112653.jpg 2 1742 383 2532 1183 2 2883 814 4607 1320 3 
IMG_20180318_112655.jpg 2 497 421 1425 1273 2 1794 918 3678 1467 3 
IMG_20180318_112657.jpg 2 0 468 605 1382 2 1041 1027 2949 1614 3 
IMG_20180318_112703.jpg 2 94 1249 1065 2106 2 1472 1642 3413 1997 3 
IMG_20180318_112709.jpg 2 561 271 1634 1363 2 2057 1155 3455 1982 3 
IMG_20180318_112717.jpg 2 530 549 1773 1830 2 2190 1628 3455 2480 3 
IMG_20180318_112722.jpg 2 0 350 847 1642 2 1339 1443 3167 2480 3 
IMG_20180318_112725.jpg 2 1088 388 2296 1538 2 2703 1301 4607 2286 3 
IMG_20180318_112727.jpg 2 0 441 612 1805 2 1047 1735 2695 3137 3 
IMG_20180318_112727_1.jpg 2 0 454 612 1824 2 1066 1773 2707 3156 3 
IMG_20180318_112743.jpg 2 1339 979 1647 1462 2 1827 454 4346 1221 3 
IMG_20180318_112745.jpg 2 2310 1140 2589 1609 2 2774 748 4607 1368 3 
IMG_20180318_112750.jpg 2 468 961 828 1477 2 1022 672 3503 1235 3 
IMG_20180318_112755.jpg 2 2476 738 2712 1164 2 2840 227 4607 927 3 
IMG_20180318_113017.jpg 2 1641 1982 1735 2190 2 1780 1887 2386 2095 3 
IMG_20180318_113020.jpg 2 1666 2032 1824 2253 2 1868 1906 2638 2158 3 
IMG_20180318_113022.jpg 2 2125 1339 2272 1585 2 2348 1169 3190 1467 3 
IMG_20180318_113025.jpg 2 833 1675 1041 1978 2 1150 1529 2253 1832 3 
IMG_20180318_113028.jpg 2 347 1679 624 2032 2 770 1426 2152 1855 3 
IMG_20180318_113041.jpg 2 1860 1003 2173 1368 2 2352 932 4057 1202 3 
IMG_20180318_113045.jpg 2 1382 970 1784 1368 2 1978 937 3706 1197 3 
IMG_20180318_113047.jpg 2 1256 1041 1666 1477 2 1868 1237 3455 1679 3 
IMG_20180318_113050.jpg 2 1407 1104 1862 1565 2 2064 1224 3455 1401 3 
IMG_20180318_113051.jpg 2 1937 1079 2373 1527 2 2581 1186 3455 1350 3 
IMG_20180318_113054.jpg 2 63 1047 580 1521 2 801 1268 2297 1578 3 
IMG_20180318_113056.jpg 2 0 1117 258 1609 2 492 1325 2045 1622 3 
IMG_20180318_113058.jpg 2 0 885 516 1372 2 766 1093 2319 1358 3 
IMG_20180318_113107.jpg 2 0 738 555 1350 2 833 1047 2644 1451 3 
IMG_20180318_113110.jpg 2 0 1092 587 1666 2 864 1300 2720 1489 3 
IMG_20180318_113114.jpg 2 435 1320 1017 1827 2 1287 1514 3129 1751 3 
IMG_20180318_113121.jpg 2 1079 904 1533 1311 2 1728 1065 3347 1330 3 
IMG_20180318_113123.jpg 2 1117 819 1567 1226 2 1780 984 3403 1202 3 
IMG_20180318_113126.jpg 2 561 1578 1003 1988 2 1211 1761 2834 2076 3 
IMG_20180318_113130.jpg 2 1754 1439 2177 1843 2 2379 1527 3455 1698 3 
IMG_20180318_113131.jpg 2 2108 1363 2531 1773 2 2739 1432 3455 1609 3 
IMG_20180318_113135.jpg 2 0 1483 309 1918 2 536 1666 2203 1906 3 
IMG_20180318_113141.jpg 2 1245 28 1694 473 2 1907 194 3640 364 3 
IMG_20180318_113151.jpg 2 44 3313 511 3762 2 738 3471 2449 3598 3 
IMG_20180318_113224.jpg 2 2550 782 3282 1432 3 2404 1249 2524 1647 2 
IMG_20180318_113230.jpg 2 1748 1496 1887 1868 2 1925 1079 2903 1691 3 
IMG_20180318_113233.jpg 2 1287 1066 1489 1470 2 1559 650 2960 1275 3 
IMG_20180318_113236.jpg 2 568 1413 864 1849 2 965 1104 2581 1634 3 
IMG_20180318_113239.jpg 2 2073 975 2400 1396 2 2518 748 4521 1207 3 
IMG_20180318_113243.jpg 2 0 1017 411 1519 2 591 1051 2618 1320 3 
IMG_20180318_113245.jpg 2 0 970 355 1462 2 549 989 2570 1268 3 
IMG_20180318_113255.jpg 2 643 1584 946 1918 2 1047 1597 2329 1786 3 
IMG_20180318_113305.jpg 2 1028 2013 1243 2253 2 1319 1982 2215 2146 3 
IMG_20180318_113307.jpg 2 2026 1552 2215 1784 2 2296 1557 3214 1694 3 
IMG_20180318_113309.jpg 2 549 1510 795 1765 2 880 1538 1874 1671 3 
IMG_20180318_113317.jpg 2 3531 1827 3706 2040 2 3768 1841 4607 1959 3 
IMG_20180318_113324.jpg 2 2575 2171 2764 2386 2 2827 2209 3455 2297 3 
IMG_20180318_114501.jpg 2 1775 1590 1969 1808 2 321 1685 1150 1836 3 
IMG_20180318_114507.jpg 2 1865 1623 2059 1851 2 544 1718 1301 1874 3 
IMG_20180318_114510.jpg 2 1426 2373 1628 2594 2 151 2417 890 2512 3 
IMG_20180318_114513.jpg 2 1060 2442 1281 2682 2 0 2524 479 2638 3 
IMG_20180318_114520.jpg 2 3569 1609 3792 1851 2 2343 1728 3006 1865 3 
IMG_20180318_114523.jpg 2 3039 1718 3749 1855 3 4402 1604 4607 1855 2 
IMG_20180318_114528.jpg 2 3077 1477 3801 1604 3 4454 1372 4607 1619 2 
IMG_20180318_114537.jpg 2 183 2146 1199 2335 3 2013 2007 2291 2297 2 
IMG_20180318_114541.jpg 2 0 1496 1098 1716 3 2133 1363 2461 1704 2 
IMG_20180318_114544.jpg 2 530 1363 1799 1533 3 2812 1235 3115 1557 2 
IMG_20180318_114550.jpg 1 1281 1306 2865 1653 3 
IMG_20180318_114603.jpg 1 429 1117 2588 1395 3 
IMG_20180318_114605.jpg 1 1353 1060 3389 1230 3 
IMG_20180318_114607.jpg 1 2291 965 4459 1240 3 
IMG_20180318_114609.jpg 1 2788 1093 4607 1368 3 
IMG_20180318_114611.jpg 1 0 1881 1988 2045 3 
IMG_20180318_114617.jpg 1 1458 989 3503 1131 3 
IMG_20180318_114624.jpg 1 479 1092 2575 1407 3 
IMG_20180318_114626.jpg 1 1483 1186 3455 1350 3 
IMG_20180318_114628.jpg 2 94 1761 2120 1975 3 3269 1824 3455 2158 2 
IMG_20180318_114638.jpg 2 648 748 2575 1287 3 3456 1311 3635 1585 2 
IMG_20180318_114641.jpg 2 201 1420 2146 1906 3 3061 1887 3250 2184 2 
IMG_20180318_114643.jpg 2 479 1514 2392 1925 3 3339 1855 3455 2184 2 
IMG_20180318_114645.jpg 2 0 1628 1773 2038 3 2670 2026 2846 2310 2 
IMG_20180318_114651.jpg 1 1073 965 2796 1426 3 
IMG_20180318_114653.jpg 2 534 1013 2286 1363 3 2992 1282 3129 1543 2 
IMG_20180318_114703.jpg 2 681 807 2449 1300 3 3219 1268 3383 1559 2 
IMG_20180318_114706.jpg 2 402 568 2187 1159 3 2883 1178 3020 1429 2 
IMG_20180318_114710.jpg 2 0 1060 1633 1467 3 2348 1410 2490 1671 2 
IMG_20180318_114718.jpg 1 542 700 2922 1647 3 
IMG_20180318_114721.jpg 1 795 705 3100 1529 3 
IMG_20180318_114726.jpg 1 942 729 3635 1505 3 
IMG_20180318_114731.jpg 1 0 776 2594 1716 3 
IMG_20180318_114737.jpg 2 0 435 2324 1453 3 3228 1562 3394 1893 2 
IMG_20180318_114742.jpg 1 233 479 3181 1944 3 
IMG_20180318_114747.jpg 1 809 0 3702 1439 3 
IMG_20180318_114754.jpg 1 340 700 2411 2430 3 
IMG_20180318_114757.jpg 1 501 61 2755 1590 3 
IMG_20180318_114818.jpg 1 2240 1180 2455 1811 2 
IMG_20180318_114823.jpg 1 1906 1186 2133 1824 2 
IMG_20180318_114836.jpg 1 1249 239 2316 1344 2 
IMG_20180318_114841.jpg 1 1111 258 2190 1432 2 
IMG_20180318_114848.jpg 1 1041 183 2322 1312 2 
IMG_20180318_114854.jpg 3 1590 82 2941 1306 2 2070 3326 2158 4336 3 2253 3332 2354 4355 3 
IMG_20180318_114857.jpg 3 2455 157 3455 1420 2 3004 3522 3111 4595 3 3231 3541 3332 4607 3 
IMG_20180318_114910.jpg 3 220 0 1691 839 2 713 2998 826 3951 3 934 2985 1028 3957 3 
IMG_20180318_114912.jpg 3 94 0 1559 972 2 561 3130 688 4121 3 789 3093 890 4109 3 
IMG_20180318_114915.jpg 3 183 88 1590 1211 2 460 3345 624 4380 3 669 3339 826 4380 3 
IMG_20180318_114920.jpg 3 2057 75 3231 1439 2 2600 3459 2720 4494 3 2764 3465 2897 4519 3 
IMG_20180318_114923.jpg 1 3309 0 4393 719 2 
IMG_20180318_114926.jpg 1 2854 0 3981 1164 2 
IMG_20180318_114938.jpg 1 877 1319 1350 2089 2 
IMG_20180318_114948.jpg 1 75 845 1502 2663 2 
IMG_20180318_114954.jpg 1 0 298 1552 2182 2 
IMG_20180318_114956.jpg 1 265 473 2030 2229 2 
IMG_20180318_115004.jpg 2 1565 2316 1672 3465 3 1817 2335 1912 3478 3 
IMG_20180318_115010.jpg 2 1420 1527 1622 3452 3 1874 1552 2026 3446 3 
IMG_20180318_115016.jpg 2 568 1107 705 2627 3 927 1117 1051 2618 3 
IMG_20180318_115027.jpg 1 353 1477 871 2442 2 
IMG_20180318_115030.jpg 1 421 738 989 1761 2 
IMG_20180318_115039.jpg 1 1205 1413 1805 2070 2 
IMG_20180318_115042.jpg 1 3654 662 4374 1368 2 
IMG_20180318_115043.jpg 1 4095 785 4607 1510 2 
IMG_20180318_115046.jpg 1 312 1065 1008 1756 2 
IMG_20180318_115050.jpg 1 0 1245 530 1974 2 
IMG_20180318_115053.jpg 1 0 1893 568 2575 2 
IMG_20180318_115126_HDR.jpg 2 2625 1439 2909 1780 2 2524 2461 2733 2714 2 
IMG_20180318_115129.jpg 1 953 1199 1205 1559 2 
IMG_20180318_115152_HDR.jpg 1 959 3844 1237 4147 2 
IMG_20180318_115206.jpg 1 1552 1439 1855 1773 2 
IMG_20180318_115219.jpg 1 1224 1483 1824 2102 2 
IMG_20180318_115223.jpg 1 1799 1297 2518 2026 2 
IMG_20180318_115230.jpg 1 2158 1395 2859 2184 2 
IMG_20180318_115248_HDR.jpg 1 397 997 1552 2404 2 
IMG_20180318_115257_HDR.jpg 1 440 809 1481 2116 2 
IMG_20180318_115328.jpg 1 795 2253 946 2404 2 
IMG_20180318_115345.jpg 1 2203 1066 2499 2215 2 
IMG_20180318_121244.jpg 2 2045 706 2228 1136 2 1994 1395 2430 1597 3 
IMG_20180318_121250.jpg 2 1937 580 2228 1174 2 1849 1502 2531 1811 3 
IMG_20180318_121255.jpg 2 1691 366 2045 1155 2 1489 1464 2398 2070 3 
IMG_20180318_121258.jpg 2 1458 258 1931 1066 2 1117 1401 2341 2032 3 
IMG_20180318_121301.jpg 2 1710 347 2253 1155 2 1243 1496 2739 2114 3 
IMG_20180318_121308.jpg 2 549 246 1325 1085 2 0 1527 1925 2108 3 
IMG_20180318_121310.jpg 2 1540 1742 3455 2165 3 2228 454 2966 1237 2 
IMG_20180318_121315.jpg 2 662 1426 2979 1780 3 1451 75 2247 871 2 
IMG_20180318_121318.jpg 2 1578 1237 2304 1893 2 757 2398 3048 2745 3 
IMG_20180318_121319.jpg 2 1407 927 2165 1628 2 624 2146 2897 2455 3 
IMG_20180318_121322.jpg 2 1325 56 2068 724 2 587 1301 2802 1496 3 
IMG_20180318_121326.jpg 2 795 1180 3061 1357 3 1508 0 2310 504 2 
IMG_20180318_121332.jpg 2 1578 1918 3455 2152 3 2228 776 2935 1407 2 
IMG_20180318_121334.jpg 2 2127 1956 3455 2108 3 2865 713 3455 1388 2 
IMG_20180318_121337.jpg 2 587 1079 1331 1710 2 0 2184 1975 2449 3 
IMG_20180318_121340.jpg 2 0 2158 1388 2373 3 0 908 700 1603 2 
IMG_20180318_121346.jpg 2 1142 119 1874 858 2 397 1445 2537 1660 3 
IMG_20180318_121351.jpg 2 1773 6 2442 814 2 1186 1249 3118 1723 3 
IMG_20180318_121354.jpg 2 1275 1092 3269 1470 3 1925 0 2625 580 2 
IMG_20180318_121356.jpg 2 2247 0 2966 751 2 1597 1243 3452 1666 3 
IMG_20180318_121403.jpg 2 1710 309 2310 1085 2 1117 1502 2739 1950 3 
IMG_20180318_121405.jpg 2 744 1742 2360 2184 3 1344 574 1906 1331 2 
IMG_20180318_121406.jpg 2 157 1603 1843 2070 3 782 403 1357 1186 2 
IMG_20180318_121410.jpg 2 2455 397 3029 1199 2 1918 1584 3455 2133 3 
IMG_20180318_121415.jpg 2 1638 899 2916 1462 3 2173 0 2608 568 2 
IMG_20180318_121421.jpg 2 3517 473 4005 1249 2 3053 1552 4607 2215 3 
IMG_20180318_121424.jpg 2 2070 2266 3455 2802 3 2625 1123 3111 1900 2 
IMG_20180318_121427.jpg 2 517 915 1054 1691 2 0 2076 1445 2676 3 
IMG_20180318_121430.jpg 1 0 738 542 1552 2 
IMG_20180318_121439.jpg 2 1249 1268 1477 3162 3 1647 1275 1830 3200 3 
IMG_20180318_121458.jpg 2 1780 2102 2404 2758 2 2430 2089 3086 2689 2 
IMG_20180318_121501.jpg 2 2376 1150 3006 1860 2 3020 1131 3678 1770 2 
IMG_20180318_121510.jpg 2 650 2834 1262 3471 2 1300 2764 1906 3339 2 
IMG_20180318_121546.jpg 1 2190 2247 2619 2707 2 
IMG_20180318_121550.jpg 2 3654 1718 4104 2120 2 1713 1675 1931 1884 2 
IMG_20180318_121552.jpg 2 3711 1690 4170 2111 2 1813 1595 2021 1789 2 
IMG_20180318_121613.jpg 1 492 2524 921 2954 2 
IMG_20180318_121721_HDR.jpg 2 2619 2884 2865 3124 2 1900 2796 2083 3004 2 
IMG_20180318_121739.jpg 2 1685 2315 1865 2528 2 875 2324 1060 2532 2 
IMG_20180318_121750.jpg 3 2125 2338 2452 2655 2 3460 2362 3787 2660 2 544 2371 904 2707 2 
IMG_20180318_121817.jpg 2 2575 2158 2935 2512 2 347 2184 694 2455 2 
IMG_20180318_121820.jpg 2 2854 1562 3167 1884 2 714 1931 1046 2168 2 
IMG_20180318_121828.jpg 1 1900 2954 2139 3194 2 
IMG_20180318_121835.jpg 1 2760 2064 2949 2319 2 
IMG_20180318_121837.jpg 2 2793 1784 2977 2021 2 1022 2139 1264 2381 2 
IMG_20180318_121903.jpg 1 156 440 4298 842 3 
IMG_20180318_121914.jpg 2 1136 883 2266 1704 2 0 2455 3455 2808 3 
IMG_20180318_121918.jpg 2 839 75 2240 934 2 0 1647 3455 2215 3 
IMG_20180318_121924.jpg 2 1653 1382 1931 4065 3 2234 1395 2493 4052 3 
IMG_20180318_121926.jpg 2 1634 2291 1900 4607 3 2165 2316 2461 4607 3 
IMG_20180318_121929.jpg 2 1521 0 1843 2606 3 2133 0 2386 2600 3 
IMG_20180318_121933.jpg 2 1671 445 1884 3006 3 2187 492 2386 2963 3 
IMG_20180318_121936.jpg 2 3209 1051 3432 3455 3 3744 1065 3957 3455 3 
IMG_20180318_121956.jpg 3 1477 2531 2266 2701 3 1824 1742 2133 2209 2 1129 523 2127 1363 3 
IMG_20180318_122002.jpg 3 486 675 1666 1338 3 1439 1817 1773 2234 2 1085 2556 1988 2726 3 
IMG_20180318_122005.jpg 3 605 833 1956 1508 3 1855 1975 2221 2398 2 1496 2701 2562 2903 3 
IMG_20180318_122010.jpg 2 972 1982 1363 2386 2 561 2701 1704 2903 3 
IMG_20180318_122014.jpg 3 883 984 2253 1666 3 2190 2089 2581 2518 2 1836 2827 2992 3048 3 
IMG_20180318_122017.jpg 3 1407 826 2802 1571 3 2739 1969 3149 2386 2 2373 2726 3455 2909 3 
IMG_20180318_122022.jpg 3 536 618 2234 915 3 2102 1723 2474 2108 2 1748 2398 2815 2512 3 
IMG_20180318_122025.jpg 3 0 656 1527 908 3 1464 1761 1855 2158 2 1136 2430 2196 2562 3 
IMG_20180318_122028.jpg 3 0 669 1641 871 3 1578 1748 1950 2133 2 1243 2436 2297 2531 3 
IMG_20180318_122031.jpg 2 1552 706 3282 1129 3 3206 1836 3455 2203 2 
IMG_20180318_122036.jpg 2 1338 902 3086 1243 3 3048 1982 3455 2367 2 
IMG_20180318_122039.jpg 3 1245 1368 2897 1604 3 2911 2357 3313 2741 2 2622 3072 3758 3195 3 
IMG_20180318_122043.jpg 3 1273 525 2954 672 3 2887 1486 3266 1832 2 2575 2125 3659 2225 3 
IMG_20180318_122046.jpg 3 695 89 2494 203 3 2452 1107 2802 1453 2 2130 1746 3162 1822 3 
IMG_20180318_122048.jpg 3 0 127 1690 307 3 1680 1216 2045 1562 2 1358 1832 2409 1959 3 
IMG_20180318_122053.jpg 3 0 801 1344 959 3 1294 1881 1672 2221 2 972 2524 2026 2613 3 
IMG_20180318_122057.jpg 3 1224 789 2954 1142 3 2909 1824 3320 2203 2 2581 2518 3455 2613 3 
IMG_20180318_122100.jpg 1 1773 574 3455 1016 3 
IMG_20180318_122108.jpg 3 1496 653 2982 795 3 2982 1529 3304 1827 2 2779 2059 3621 2149 3 
IMG_20180318_122111.jpg 3 195 1634 1742 1748 3 1773 2505 2057 2796 2 1559 3017 2373 3143 3 
IMG_20180318_122114.jpg 3 1085 1527 2569 1672 3 2569 2392 2878 2695 2 2341 2947 3219 3029 3 
IMG_20180318_122116.jpg 3 1439 1502 2935 1679 3 2928 2411 3263 2720 2 2689 2979 3455 3048 3 
IMG_20180318_122117.jpg 2 1723 1508 3257 1698 3 3250 2449 3455 2752 2 
IMG_20180318_122120.jpg 3 2438 1008 3948 1188 3 3972 1926 4327 2248 2 3721 2513 4607 2632 3 
IMG_20180318_122124.jpg 3 2636 468 4246 667 3 4227 1429 4587 1751 2 3938 2012 4607 2111 3 
IMG_20180318_122126.jpg 3 2731 284 4364 525 3 4322 1278 4607 1590 2 4028 1865 4607 1964 3 
IMG_20180318_122128.jpg 1 3067 127 4607 350 3 
IMG_20180318_122131.jpg 3 0 864 1571 1117 3 1527 1931 1811 2240 2 1312 2468 2102 2550 3 
IMG_20180318_122133.jpg 3 0 934 1363 1098 3 1407 1925 1685 2215 2 1174 2442 1975 2556 3 
IMG_20180318_122135.jpg 2 1022 1931 1331 2215 2 776 2461 1622 2556 3 
IMG_20180318_122424.jpg 1 1054 1079 2064 1881 3 
IMG_20180318_122436.jpg 1 421 388 4607 894 3 
IMG_20180318_122437.jpg 1 0 255 4260 833 3 
IMG_20180318_122513.jpg 1 1331 1508 1887 2404 2 
IMG_20180318_150040.jpg 2 1912 1944 2051 2102 2 2032 2007 2468 2051 3 
IMG_20180318_150046.jpg 2 1936 1425 2083 1562 2 2083 1477 2504 1524 3 
IMG_20180318_150052.jpg 1 2922 1868 3080 2013 2 
IMG_20180318_150057_1.jpg 2 203 1581 369 1742 2 383 1647 875 1685 3 
IMG_20180318_150059.jpg 1 66 1652 591 1690 3 
IMG_20180318_150124.jpg 2 1874 1538 2012 1666 2 2012 1581 2438 1647 3 
IMG_20180318_150145.jpg 2 1565 2038 1723 2196 2 1735 2095 2234 2152 3 
IMG_20180318_150147.jpg 2 1439 1780 1619 1950 2 1628 1841 2144 1898 3 
IMG_20180318_150148.jpg 2 1429 1808 1600 1974 2 1604 1874 2125 1926 3 
IMG_20180318_150156.jpg 2 501 2092 710 2281 2 724 2154 1316 2220 3 
IMG_20180318_150158.jpg 2 156 1983 804 2054 3 0 1917 151 2102 2 
IMG_20180318_150201.jpg 2 3877 1756 4061 1936 2 4076 1808 4607 1865 3 
IMG_20180318_150203.jpg 1 3176 1581 3342 1751 2 
IMG_20180318_150206.jpg 2 2793 1514 2954 1666 2 2958 1533 3489 1609 3 
IMG_20180318_150223.jpg 2 2070 1432 2247 1609 2 2253 1458 2802 1559 3 
IMG_20180318_150233.jpg 2 2319 0 2490 123 2 2490 0 3058 66 3 
IMG_20180318_150238.jpg 2 2102 1413 2285 1597 2 2285 1426 2840 1533 3 
IMG_20180318_150242.jpg 2 2752 1862 2928 2045 2 2941 1931 3455 1975 3 
IMG_20180318_150247.jpg 2 170 2228 763 2297 3 0 2152 145 2341 2 
IMG_20180318_150253.jpg 2 2087 1382 2267 1562 2 2267 1453 2807 1514 3 
IMG_20180318_150258.jpg 2 1862 1641 2064 1862 2 2070 1729 2714 1792 3 
IMG_20180318_150300.jpg 2 610 1306 871 1557 2 885 1406 1600 1519 3 
IMG_20180318_150303.jpg 2 1918 1388 2184 1679 2 2177 1508 2922 1653 3 
IMG_20180318_150305.jpg 2 1256 1224 1559 1546 2 1565 1369 2304 1508 3 
IMG_20180318_150312.jpg 3 795 445 1126 861 2 1126 667 1879 965 3 1193 1704 1311 1851 2 
IMG_20180318_150315.jpg 4 1259 624 1576 1051 2 1571 885 2272 1230 3 397 1079 596 1401 2 1500 1945 1614 2092 2 
IMG_20180318_150320.jpg 3 1552 1054 1817 1527 2 637 1615 908 1969 2 1565 2487 1660 2651 2 
IMG_20180318_150331.jpg 3 1546 921 1792 1464 2 429 1496 763 1912 2 1344 2562 1451 2745 2 
IMG_20180318_150337.jpg 3 2474 820 2834 1432 2 1268 1634 1565 2089 2 2474 2846 2606 3042 2 
IMG_20180318_150339.jpg 4 1956 915 2291 1521 2 725 1641 1041 2114 2 1937 2878 2070 3074 2 2266 1338 2941 1855 3 
IMG_20180318_150341.jpg 3 1226 1235 1846 1784 3 937 776 1259 1391 2 648 2868 795 3096 2 
IMG_20180318_150351.jpg 4 2745 1047 3455 1691 3 2392 542 2783 1281 2 2316 2853 2455 3067 2 959 1395 1306 1918 2 
IMG_20180318_150355.jpg 4 2196 0 2644 511 2 2619 271 3440 965 3 789 776 1129 1350 2 2297 2240 2436 2449 2 
IMG_20180318_150403.jpg 4 1559 0 1931 498 2 0 460 284 1073 2 1420 2190 1546 2398 2 1900 309 2600 1098 3 
IMG_20180318_150407.jpg 3 0 656 309 1249 2 1540 0 1931 719 2 1887 511 2588 1306 3 
IMG_20180318_150421.jpg 3 164 176 1167 1060 2 1205 795 3093 1502 3 2083 3339 2335 3629 2 
IMG_20180318_150426.jpg 3 347 0 1338 814 2 1376 555 3181 1521 3 1975 3244 2196 3522 2 
IMG_20180318_150435.jpg 2 2139 3452 2505 3837 2 0 568 3080 927 3 
IMG_20180318_150439.jpg 2 448 504 3455 927 3 2821 3402 3206 3774 2 
IMG_20180318_150444.jpg 3 1846 501 4607 856 3 956 1794 1264 2267 2 998 449 1728 1060 2 
IMG_20180318_150446.jpg 3 2523 459 4607 918 3 1737 549 2395 1145 2 1718 1841 1993 2291 2 
IMG_20180318_150448.jpg 2 2173 463 2840 1088 2 2139 1775 2404 2206 2 
IMG_20180318_150452.jpg 2 3006 416 3692 1112 2 3138 1817 3408 2281 2 
IMG_20180318_150455.jpg 3 934 732 1597 1445 2 1161 2158 1426 2606 2 1748 422 3455 1085 3 
IMG_20180318_150500.jpg 3 1054 0 3455 725 3 170 334 902 1110 2 429 1881 738 2348 2 
IMG_20180318_150502.jpg 3 0 397 542 1167 2 713 75 3455 820 3 50 1956 372 2442 2 
IMG_20180318_150506.jpg 4 0 302 467 1079 2 0 1881 296 2386 2 631 37 3455 738 3 3212 3086 3455 3471 2 
IMG_20180318_150510.jpg 4 932 340 3976 605 3 0 146 785 809 2 3257 3153 3635 3455 2 0 1619 321 2149 2 
IMG_20180318_150514.jpg 2 0 820 3080 1060 3 2322 3591 2695 3983 2 
IMG_20180318_150523.jpg 2 0 984 2657 1218 3 1963 3705 2291 4090 2 
IMG_20180318_150524.jpg 2 0 536 2777 991 3 1874 3427 2215 3781 2 
IMG_20180318_150528.jpg 1 3219 1406 3569 1742 2 
IMG_20180318_150536.jpg 1 2165 1912 2487 2234 2 
IMG_20180318_150543.jpg 4 675 1312 965 1836 2 1016 2189 1294 2505 2 1060 656 2707 1571 3 3225 2998 3455 3313 2 
IMG_20180318_150551.jpg 4 643 383 1036 885 2 1126 222 2902 672 3 894 1339 1188 1680 2 2949 2504 3219 2816 2 
IMG_20180318_150557.jpg 3 935 1146 1270 1481 2 3087 2019 3407 2339 2 537 171 959 709 2 
IMG_20180318_150600.jpg 4 428 38 2339 600 3 23 171 335 725 2 202 1185 561 1598 2 2432 2292 2744 2627 2 
IMG_20180318_150602.jpg 3 54 0 2042 499 3 0 1208 210 1699 2 2206 2268 2487 2611 2 
IMG_20180318_150606.jpg 3 7 505 1848 1249 3 2116 2795 2390 3120 2 0 1921 209 2296 2 
IMG_20180318_150606_BURST2.jpg 4 700 982 2390 1697 3 267 1393 599 1928 2 563 2311 895 2672 2 2737 3228 3040 3575 2 
IMG_20180318_150622.jpg 4 931 1126 2195 1856 3 606 1531 859 1986 2 946 2231 1227 2556 2 2773 2946 3011 3264 2 
IMG_20180318_150625.jpg 4 834 951 2190 1458 3 444 1185 764 1684 2 764 1933 1099 2276 2 2643 2728 2908 3056 2 
IMG_20180318_150631.jpg 4 272 350 1723 1177 3 0 701 187 1185 2 296 1465 631 1801 2 2315 2136 2549 2448 2 
IMG_20180318_150638.jpg 3 79 440 1509 1083 3 137 1588 440 1950 2 2036 2383 2253 2672 2 
IMG_20180318_150645.jpg 4 176 1003 440 1495 2 505 397 1791 1415 3 585 1791 888 2116 2 2448 2311 2679 2594 2 
IMG_20180318_150646.jpg 4 7 917 267 1437 2 404 1733 722 2080 2 2289 2325 2527 2607 2 339 404 1632 1177 3 
IMG_20180318_150648.jpg 3 0 317 1191 1119 3 7 1675 209 2022 2 1870 2289 2101 2585 2 
IMG_20180318_150653.jpg 4 1350 260 2679 1227 3 1040 895 1292 1365 2 1393 1646 1646 1982 2 3214 2296 3455 2588 2 
IMG_20180318_150704.jpg 4 413 0 2003 241 3 0 7 350 392 2 233 795 576 1140 2 2042 1980 2284 2262 2 
IMG_20180318_150717_HDR.jpg 2 1726 2499 2058 2896 2 1430 483 2282 2036 1 
IMG_20180318_150720.jpg 2 837 2137 1198 2506 2 2759 3163 3120 3611 2 
IMG_20180318_150724.jpg 2 873 2072 1220 2434 2 2896 2860 3228 3300 2 
IMG_20180318_150733.jpg 2 1247 795 1652 1200 2 3227 1528 3555 2050 2 
IMG_20180318_150736.jpg 2 1426 662 1840 1075 2 3415 1504 3797 2102 2 
IMG_20180318_150740.jpg 2 1119 1668 1523 2065 2 3170 2462 3455 3091 2 
IMG_20180318_150744.jpg 2 1993 2304 2311 2867 2 7 1531 310 1978 2 
IMG_20180318_150749.jpg 2 2253 849 2588 1411 2 0 0 475 343 2 
IMG_20180318_150757.jpg 2 1148 1213 1545 1639 2 3192 1986 3455 2571 2 
IMG_20180318_150847.jpg 1 2137 1502 2982 2419 2 
IMG_20180318_150851.jpg 1 3025 639 3914 1629 2 
IMG_20180318_150857.jpg 1 1805 1271 2311 1791 2 
IMG_20180318_150904.jpg 2 140 545 795 1114 2 3953 1426 4607 2463 2 
IMG_20180318_150905.jpg 2 241 444 873 1036 2 4062 1302 4607 2323 2 
IMG_20180318_150910.jpg 1 2051 1032 2571 1567 2 
IMG_20180318_150914.jpg 1 1704 2354 2195 2824 2 
IMG_20180318_150924.jpg 1 0 1913 527 2441 2 
IMG_20180318_150931.jpg 2 0 1083 647 1668 2 4062 1746 4607 2799 2 
IMG_20180318_150940.jpg 1 1827 1487 2715 2361 2 
IMG_20180318_150947.jpg 1 1610 1422 2448 2369 2 
IMG_20180318_150953.jpg 1 1856 1863 2405 2614 2 
IMG_20180318_150956.jpg 1 3298 678 3898 1497 2 
IMG_20180318_150958.jpg 1 4194 576 4607 1434 2 
IMG_20180318_151003.jpg 1 0 1161 740 2058 2 
IMG_20180318_151006.jpg 1 0 1395 647 2300 2 
IMG_20180318_151010.jpg 1 343 2050 1068 2947 2 
IMG_20180318_151013_1.jpg 1 1177 2284 1808 3110 2 
IMG_20180318_151016.jpg 1 2783 2183 3368 3009 2 
IMG_20180318_151022.jpg 1 3726 1621 4420 2424 2 
IMG_20180318_151025.jpg 1 3742 522 4428 1364 2 
IMG_20180318_151026.jpg 1 2682 335 3290 1200 2 
IMG_20180318_151030.jpg 1 1099 335 1777 1192 2 
IMG_20180318_151031.jpg 1 382 475 1146 1348 2 
IMG_20180318_151034.jpg 1 2245 1294 2838 2097 2 
IMG_20180318_151041.jpg 1 1249 577 2434 1625 2 
IMG_20180318_151045.jpg 1 2195 288 3455 1401 2 
IMG_20180318_151050.jpg 1 0 14 1235 1198 2 
IMG_20180318_151054.jpg 1 1964 155 3095 1138 2 
IMG_20180318_151056.jpg 1 1148 1141 2296 2130 2 
IMG_20180318_151104_HDR.jpg 1 960 635 2571 1545 2 
IMG_20180318_151133.jpg 2 1531 1798 1682 1978 2 1495 2405 1610 2542 2 
IMG_20180318_151138.jpg 2 1996 1364 2159 1536 2 2003 1957 2144 2097 2 
IMG_20180318_151156.jpg 3 2145 859 2831 1718 2 2051 3315 2513 3683 2 1256 2751 1740 3351 2 
IMG_20180318_151227.jpg 1 1733 1791 1885 1950 2 
IMG_20180318_151251.jpg 1 2665 585 3112 1090 2 
IMG_20180318_151310.jpg 3 350 662 740 1021 2 2089 951 2432 1294 2 3461 1122 3789 1450 2 
IMG_20180318_151321.jpg 5 2261 943 2682 1192 2 3820 1075 4225 1344 2 3890 1621 4311 1855 2 2042 1621 2495 1840 2 7 1325 397 1598 2 
IMG_20180318_151330.jpg 5 1130 1707 1512 2120 2 2331 834 2510 1138 2 2666 1122 2861 1458 2 3040 608 3173 849 2 3352 717 3485 1005 2 
IMG_20180318_151335.jpg 5 654 818 912 1107 2 1567 1270 1879 1559 2 2050 998 2323 1302 2 3033 1387 3368 1707 2 2814 1707 3165 2027 2 
IMG_20180318_151349.jpg 1 101 628 1422 1863 2 
IMG_20180318_151354.jpg 2 657 1740 1820 2715 2 1249 707 2087 1401 2 
IMG_20180318_151506.jpg 3 1899 931 2210 1531 2 686 1646 1011 2080 2 2217 1314 2809 1820 2 
IMG_20180318_151516.jpg 2 1341 218 1918 1036 2 1918 826 2884 1520 2 
IMG_20180318_151519.jpg 4 50 1430 397 2065 2 1726 440 2260 1328 2 2238 1112 3242 1892 3 1885 3127 2072 3380 2 
IMG_20180318_151520.jpg 4 2217 3156 2376 3430 2 1942 455 2542 1372 2 411 1567 736 2152 2 2520 1126 3455 1856 3 
IMG_20180318_151523.jpg 3 1155 3098 1336 3336 2 592 332 1242 1263 2 1235 1003 2304 1798 3 
IMG_20180318_151524.jpg 2 137 902 1350 1798 3 101 3163 303 3445 2 
IMG_20180318_151526.jpg 3 411 902 1552 1791 3 14 195 433 1170 2 317 3105 512 3344 2 
IMG_20180318_151541.jpg 1 1386 938 1791 1386 2 
IMG_20180318_151546.jpg 1 1278 1112 1783 1653 2 
IMG_20180318_151553.jpg 1 1126 888 1856 1581 2 
IMG_20180318_151559.jpg 1 21 28 953 924 2 
IMG_20180318_151602.jpg 1 14 7 982 751 2 
IMG_20180318_151607.jpg 1 2657 505 3455 1336 2 
IMG_20180318_151611.jpg 1 2607 7 3455 736 2 
IMG_20180318_151614.jpg 1 1964 0 2814 615 2 
IMG_20180318_155835.jpg 2 1610 1213 2860 1487 3 346 1473 729 1827 2 
IMG_20180318_155851.jpg 2 319 935 764 1341 2 1832 514 3906 732 3 
IMG_20180318_155852.jpg 2 1941 483 4015 693 3 382 881 857 1255 2 
IMG_20180318_155900.jpg 2 483 1341 842 1676 2 1621 1044 3539 1231 3 
IMG_20180318_155903.jpg 2 1574 1348 1894 1637 2 2588 927 4607 1169 3 
IMG_20180318_155907.jpg 1 166 1870 2137 2137 3 
IMG_20180318_155913.jpg 1 1988 1255 3001 2261 2 
IMG_20180318_155925.jpg 1 794 1444 2116 2874 2 
IMG_20180318_155946.jpg 2 1099 1606 1411 1902 2 2144 1356 4023 1559 3 
IMG_20180318_155952.jpg 2 2105 171 4070 389 3 959 499 1302 834 2 
IMG_20180318_160000.jpg 1 771 15 2689 428 3 
IMG_20180318_160004.jpg 1 818 7 2845 155 3 
IMG_20180318_160013.jpg 1 1520 1185 3321 1364 3 
IMG_20180318_160017.jpg 1 1808 920 3617 1068 3 
IMG_20180318_160021.jpg 1 671 931 2556 1235 3 
IMG_20180318_160026.jpg 1 0 2065 1617 2238 3 
IMG_20180318_160032.jpg 2 1668 2007 3455 2166 3 592 2289 910 2621 2 
IMG_20180318_160043.jpg 1 389 654 3898 943 3 
IMG_20180318_160047.jpg 2 15 1146 3407 1481 3 732 2409 857 2713 2 
IMG_20180318_160050.jpg 2 1372 1247 4607 1684 3 23 2035 382 2495 2 
IMG_20180318_160051.jpg 2 1801 1185 4607 1598 3 569 1894 896 2346 2 
IMG_20180318_160053.jpg 3 1590 1972 1871 2417 2 3328 2490 3441 2755 2 2689 1221 4607 1647 3 
IMG_20180318_160055.jpg 2 1871 2019 2128 2432 2 3609 2502 3750 2799 2 
IMG_20180318_160057.jpg 2 2175 1980 2448 2417 2 3953 2502 4116 2783 2 
IMG_20180318_160104.jpg 2 7 1231 3290 1652 3 631 2588 787 2861 2 
IMG_20180318_160106.jpg 2 93 2689 241 2994 2 0 1335 2854 1671 3 
IMG_20180318_160116.jpg 1 1091 490 3680 1520 3 
IMG_20180318_160119.jpg 2 982 0 3633 1005 3 2722 1917 2850 2154 2 
IMG_20180318_160124.jpg 2 1387 0 4023 1005 3 3053 1898 3167 2120 2 
IMG_20180318_160127.jpg 2 1567 0 4241 990 3 3233 1851 3347 2087 2 
IMG_20180318_160141.jpg 1 1221 0 4204 1746 3 
IMG_20180318_160151.jpg 1 1898 0 4322 2452 3 
IMG_20180318_160216.jpg 2 3001 2058 3399 2409 2 1824 1208 2089 1481 2 
IMG_20180318_160223.jpg 2 368 2542 635 2816 2 1950 3387 2289 3676 2 
IMG_20180318_160233.jpg 2 3048 1707 3454 2011 2 912 1263 1263 1504 2 
IMG_20180318_160247.jpg 2 1005 1606 1286 1886 2 3079 1598 3243 1847 2 
IMG_20180318_160252.jpg 1 577 3264 852 3560 2 
IMG_20180318_160350.jpg 1 2036 382 2679 1213 2 
IMG_20180318_160406.jpg 2 21 1653 736 2390 2 2195 1552 3455 2065 3 
IMG_20180318_160408.jpg 1 7 1560 1227 2166 3 
IMG_20180318_160419.jpg 2 343 1138 990 1879 2 2035 1013 2861 1442 3 
IMG_20180318_160422.jpg 2 2167 1551 2962 1972 3 514 1621 1107 2378 2 
IMG_20180318_160424.jpg 2 670 608 1294 1356 2 2338 605 3067 1046 3 
IMG_20180318_160432.jpg 2 1668 935 2042 1754 2 2679 975 3077 1505 3 
IMG_20180318_160435.jpg 2 967 1682 1372 2513 2 2133 1881 2474 2423 3 
IMG_20180318_160458.jpg 2 3025 654 3578 1208 2 888 116 3851 343 3 
IMG_20180318_160503.jpg 2 592 296 3851 537 3 3056 849 3578 1419 2 
IMG_20180318_160508.jpg 2 296 1567 3455 1791 3 2650 2101 3199 2665 2 
IMG_20180318_160517.jpg 2 14 433 3445 772 3 2578 1148 3141 1740 2 
IMG_20180318_160518.jpg 2 187 130 3455 418 3 2802 808 3409 1437 2 
IMG_20180318_160523.jpg 2 2744 732 3274 1278 2 77 124 3485 397 3 
IMG_20180318_160527.jpg 2 561 1263 3797 1652 3 3017 1949 3571 2518 2 
IMG_20180318_160529.jpg 2 108 1798 3351 2304 3 2520 2571 3069 3156 2 
IMG_20180318_160544.jpg 1 118 260 4607 871 3 
IMG_20180318_160547.jpg 2 3274 1372 4155 2331 2 0 23 4576 842 3 
IMG_20180318_160555.jpg 1 1415 1473 2549 2600 2 
IMG_20180318_160610_HDR.jpg 2 3446 1598 4607 2744 2 62 467 4607 1356 3 
IMG_20180318_160614_HDR.jpg 2 100 132 4607 1029 3 3594 1325 4600 2479 2 
IMG_20180318_160633.jpg 2 351 304 3812 1357 3 3079 1629 3555 2276 2 
IMG_20180318_160637.jpg 2 7 452 3843 1294 3 3126 1613 3586 2268 2 
IMG_20180318_160659.jpg 2 3399 1083 4374 2003 2 623 140 4366 912 3 
IMG_20180318_160702.jpg 2 50 1090 3336 1653 3 2694 1978 3307 2874 2 
IMG_20180318_160719.jpg 1 2744 1560 3011 2007 2 
IMG_20180318_160727.jpg 1 3048 725 3422 1325 2 
IMG_20180318_160957.jpg 2 2438 1486 2561 1614 2 2807 1410 3252 1505 3 
IMG_20180318_161007.jpg 2 1629 1247 1801 1426 2 2066 1153 2643 1286 3 
IMG_20180318_161026.jpg 2 1639 1834 2289 2145 3 780 1928 1047 2275 2 
IMG_20180318_161039.jpg 1 1560 2072 1747 2376 2 
IMG_20180318_161054.jpg 2 1574 452 3532 631 3 3001 810 3368 1146 2 
IMG_20180318_161059.jpg 2 585 1625 2484 1870 3 1986 2015 2325 2361 2 
IMG_20180318_161119.jpg 1 1971 1639 2181 1935 2 
IMG_20180318_161131.jpg 1 2370 1130 2697 1489 2 
IMG_20180318_161141.jpg 1 3477 818 3851 1231 2 
IMG_20180318_161148.jpg 1 1372 1480 1971 2210 2 
mmexport1521510056072.jpg 1 2075 1197 2183 1334 2 
mmexport1521510057881.jpg 1 1485 1190 1733 1314 3 
mmexport1521510071891.jpg 1 1347 1159 1861 1319 3 
mmexport1521510095098.jpg 2 883 1021 1021 1226 2 1071 795 2833 1165 3 
mmexport1521510119645.jpg 2 99 844 519 1215 2 690 994 2540 1435 3 
mmexport1521510122132.jpg 2 1248 905 2463 1275 3 916 784 1159 1049 2 
mmexport1521510131083.jpg 2 927 994 2833 1259 3 519 944 806 1209 2 
mmexport1521510142242.jpg 2 115 983 386 1248 2 513 916 3065 1198 3 
mmexport1521510157538.jpg 1 878 1253 1297 1673 2 
mmexport1521510174692.jpg 1 535 723 1805 1977 2 
mmexport1521510190252.jpg 1 717 1082 944 1413 2 
mmexport1521510197829.jpg 1 497 729 1016 1270 2 
x1.jpg 1 1146 1528 1446 1821 2 
x10.jpg 1 1228 1316 1821 1889 2 
x11.jpg 1 1732 989 2060 1705 3 
x12.jpg 1 1207 1112 1500 1391 2 
x13.jpg 1 1364 1275 1964 1739 2 
x14.jpg 1 1405 1050 1998 1596 2 
x15.jpg 1 1412 1398 1978 1807 2 
x16.jpg 1 1330 1500 1910 1910 2 
x17.jpg 1 1350 1248 1951 1732 2 
x18.jpg 1 1391 1043 1985 1610 2 
x19.jpg 1 1405 102 1616 1876 3 
x2.jpg 1 1330 1528 1917 1903 2 
x20.jpg 1 757 764 1698 1869 2 
x21.jpg 1 1255 6 1698 1917 3 
x23.jpg 1 1651 1357 1944 1657 2 
x3.jpg 1 1282 757 1596 1043 2 
x4.jpg 1 1173 1494 1473 1773 2 
x6.jpg 1 1494 1330 1794 1603 2 
x7.jpg 1 1405 1425 1971 1807 2 
