1(1).jpg 2 1821 1386 2068 1839 0 1372 1578 1825 1949 1 
1(2).jpg 2 1748 1313 2196 1935 0 906 1624 1697 2123 1 
1(28).jpg 1 498 1821 1276 2736 0 
1(29).jpg 1 1116 1354 2438 2599 0 
1(3).jpg 1 988 951 1889 1665 0 
1(30).jpg 1 928 1647 2432 3079 0 
1(5).jpg 2 407 970 2667 1789 1 2850 1468 3221 1953 0 
2018030712(1).jpg 1 1705 1413 2066 1741 0 
2018030712(10).jpg 1 3627 744 4031 1125 0 
2018030712(11).jpg 1 980 345 1044 415 0 
2018030712(12).jpg 1 2430 768 2594 932 0 
2018030712(13).jpg 1 2362 1025 2526 1197 0 
2018030712(14).jpg 1 1157 884 1317 1041 0 
2018030712(15).jpg 1 556 792 716 972 0 
2018030712(16).jpg 1 272 772 456 940 0 
2018030712(17).jpg 1 3715 484 3907 672 0 
2018030712(2).jpg 1 620 1773 976 1989 0 
2018030712(20).jpg 1 1217 980 1445 1229 0 
2018030712(3).jpg 1 3251 1665 3671 2030 0 
2018030712(4).jpg 1 2490 1057 2858 1397 0 
2018030712(5).jpg 1 2430 1093 2798 1429 0 
2018030712(6).jpg 1 3711 1345 4031 1717 0 
2018030712(7).jpg 1 0 1541 404 1933 0 
2018030712(8).jpg 1 1773 2302 2154 2666 0 
2018030712(9).jpg 1 1893 0 2274 372 0 
